	rets	annret	annrtnz	stdz	std	sharpez	sharpe	sharpenz
CAM	0.733	0.899	2.743	0.48	0.689	1.87	1.304	3.981
EXPE	0.592	0.719	4.333	0.226	0.389	3.174	1.847	11.12
HP	0.476	0.575	2.704	0.25	0.42	2.298	1.367	6.428
SRCL	0.373	0.447	1.054	0.234	0.327	1.907	1.368	3.224
UNH	0.332	0.397	6.456	0.115	0.258	3.439	1.536	24.95
AET	0.307	0.366	2.664	0.144	0.285	2.543	1.283	9.318
MU	0.301	0.359	2.498	0.228	0.457	1.572	0.785	5.459
XRX	0.29	0.345	1.04	0.169	0.261	2.042	1.324	3.985
JEC	0.258	0.306	1.581	0.109	0.199	2.808	1.534	7.907
RHI	0.237	0.282	0.653	0.144	0.204	1.962	1.383	3.197
TJX	0.226	0.269	2.878	0.079	0.172	3.404	1.562	16.711
KSU	0.218	0.258	1.429	0.186	0.364	1.386	0.71	3.924
SYK	0.213	0.252	1.882	0.113	0.238	2.233	1.059	7.887
FLS	0.191	0.227	2.021	0.101	0.227	2.244	0.999	8.894
R	0.184	0.217	3.134	0.111	0.288	1.948	0.753	10.848
FCX	0.182	0.216	0.732	0.303	0.509	0.712	0.424	1.437
HES	0.178	0.211	1.29	0.125	0.257	1.682	0.819	5.003
IR	0.165	0.195	0.454	0.123	0.178	1.58	1.092	2.538
AME	0.153	0.181	2.788	0.077	0.204	2.344	0.886	13.644
SHW	0.141	0.167	1.216	0.135	0.304	1.238	0.55	3.999
EBAY	0.132	0.155	0.553	0.144	0.251	1.078	0.618	2.196
PNR	0.127	0.15	0.732	0.132	0.262	1.13	0.571	2.789
MRO	0.123	0.145	1.969	0.14	0.392	1.039	0.371	5.019
ETFC	0.122	0.144	1.837	0.137	0.377	1.053	0.383	4.867
FLR	0.117	0.138	1.713	0.095	0.258	1.448	0.533	6.617
FIS	0.113	0.133	2.642	0.074	0.227	1.79	0.588	11.612
UHS	0.106	0.125	0.479	0.147	0.269	0.846	0.463	1.779
BWA	0.103	0.121	0.643	0.185	0.386	0.656	0.315	1.666
COP	0.102	0.12	0.667	0.096	0.203	1.248	0.592	3.285
CF	0.101	0.119	2.198	0.155	0.494	0.77	0.242	4.448
ZION	0.093	0.109	0.361	0.142	0.245	0.771	0.447	1.472
ISRG	0.09	0.106	0.808	0.067	0.16	1.58	0.666	5.045
MUR	0.089	0.104	1.55	0.153	0.467	0.684	0.224	3.32
APD	0.082	0.097	0.288	0.123	0.204	0.786	0.474	1.409
HAS	0.079	0.093	0.238	0.146	0.227	0.638	0.41	1.05
AXP	0.078	0.092	2.928	0.053	0.193	1.734	0.479	15.16
PRGO	0.076	0.089	0.244	0.16	0.257	0.558	0.349	0.95
EQIX	0.069	0.081	1.153	0.07	0.217	1.146	0.372	5.293
PKI	0.067	0.078	0.437	0.1	0.219	0.783	0.357	1.994
ADI	0.065	0.076	0.234	0.142	0.24	0.539	0.318	0.972
MAS	0.062	0.072	0.562	0.09	0.227	0.802	0.319	2.469
NOV	0.056	0.066	0.383	0.141	0.317	0.472	0.21	1.209
AMG	0.032	0.037	0.194	0.153	0.338	0.245	0.111	0.574
DISCA	0.027	0.032	0.391	0.067	0.215	0.485	0.151	1.817
HIG	0.014	0.016	0.061	0.139	0.267	0.118	0.061	0.23
EQT	0.013	0.015	0.153	0.102	0.309	0.155	0.051	0.496
HBI	0.011	0.013	0.039	0.142	0.246	0.091	0.053	0.158
BSX	0.007	0.008	0.034	0.132	0.264	0.065	0.032	0.13
SE	0.007	0.008	0.07	0.08	0.228	0.106	0.037	0.309
AIZ	0.007	0.008	0.024	0.104	0.173	0.084	0.051	0.14
CL	0.005	0.006	0.028	0.095	0.197	0.069	0.033	0.143
LM	0.004	0.004	0.309	0.03	0.226	0.162	0.022	1.364
UA	-0.006	-0.007	-0.018	0.149	0.23	-0.052	-0.034	-0.08
HD	-0.008	-0.009	-0.055	0.048	0.118	-0.199	-0.082	-0.468
TROW	-0.009	-0.011	-0.079	0.092	0.25	-0.123	-0.045	-0.317
PX	-0.011	-0.013	-0.04	0.099	0.178	-0.13	-0.073	-0.229
BBY	-0.012	-0.014	-0.083	0.104	0.255	-0.139	-0.056	-0.327
ROP	-0.014	-0.016	-0.138	0.067	0.203	-0.242	-0.08	-0.679
COF	-0.015	-0.018	-0.085	0.117	0.258	-0.157	-0.071	-0.331
HRS	-0.017	-0.02	-0.187	0.05	0.159	-0.41	-0.13	-1.171
TE	-0.019	-0.022	-0.055	0.332	0.526	-0.068	-0.043	-0.105
RRC	-0.02	-0.023	-0.31	0.056	0.222	-0.42	-0.107	-1.397
PAYX	-0.024	-0.028	-0.112	0.094	0.192	-0.302	-0.147	-0.586
DFS	-0.025	-0.025	-0.148	0.108	0.269	-0.238	-0.095	-0.551
SNA	-0.025	-0.029	-0.064	0.114	0.171	-0.257	-0.171	-0.375
HRL	-0.035	-0.041	-0.124	0.096	0.171	-0.427	-0.238	-0.726
COG	-0.039	-0.045	-0.449	0.032	0.111	-1.406	-0.412	-4.043
GAS	-0.041	-0.048	-0.09	0.112	0.155	-0.433	-0.312	-0.584
NEE	-0.042	-0.049	-0.168	0.102	0.197	-0.478	-0.249	-0.854
KO	-0.046	-0.053	-0.197	0.067	0.135	-0.788	-0.393	-1.453
BA	-0.049	-0.057	-0.188	0.116	0.22	-0.49	-0.259	-0.855
NUE	-0.05	-0.058	-0.302	0.094	0.232	-0.613	-0.25	-1.298
ADM	-0.053	-0.062	-0.999	0.042	0.118	-1.46	-0.526	-8.453
AIG	-0.058	-0.067	-0.154	0.15	0.234	-0.449	-0.289	-0.661
WFC	-0.059	-0.069	-0.219	0.123	0.23	-0.561	-0.302	-0.952
TEL	-0.059	-0.061	-0.234	0.073	0.151	-0.83	-0.403	-1.547
AMT	-0.06	-0.07	-0.266	0.097	0.201	-0.72	-0.349	-1.32
CB	-0.061	-0.071	-0.198	0.101	0.177	-0.697	-0.401	-1.121
GPC	-0.066	-0.077	-0.353	0.114	0.265	-0.678	-0.291	-1.33
AMP	-0.071	-0.082	-0.359	0.104	0.237	-0.791	-0.349	-1.513
RF	-0.076	-0.088	-0.287	0.165	0.317	-0.535	-0.278	-0.906
MJN	-0.085	-0.099	-0.449	0.107	0.255	-0.925	-0.39	-1.755
YHOO	-0.086	-0.1	-0.511	0.131	0.342	-0.762	-0.294	-1.494
LRCX	-0.094	-0.108	-0.254	0.122	0.196	-0.886	-0.555	-1.295
TWX	-0.099	-0.114	-0.518	0.138	0.338	-0.829	-0.339	-1.533
TSS	-0.099	-0.114	-0.403	0.134	0.276	-0.855	-0.415	-1.46
MA	-0.109	-0.126	-0.33	0.125	0.216	-1.009	-0.586	-1.528
EMN	-0.114	-0.132	-0.362	0.123	0.22	-1.065	-0.598	-1.641
SNI	-0.116	-0.118	-0.27	0.176	0.279	-0.669	-0.422	-0.968
SWN	-0.117	-0.135	-0.341	0.232	0.396	-0.58	-0.34	-0.862
LVLT	-0.119	-0.137	-0.569	0.132	0.313	-1.041	-0.439	-1.817
WFM	-0.121	-0.14	-0.533	0.084	0.184	-1.671	-0.761	-2.885
MET	-0.129	-0.149	-0.781	0.105	0.311	-1.42	-0.479	-2.507
CCE	-0.131	-0.151	-0.434	0.179	0.334	-0.843	-0.451	-1.299
BK	-0.157	-0.18	-0.436	0.15	0.254	-1.203	-0.71	-1.717
VIAB	-0.202	-0.231	-0.644	0.184	0.362	-1.257	-0.638	-1.777
SCHW	-0.207	-0.237	-0.577	0.197	0.351	-1.199	-0.674	-1.64
FOXA	-0.214	-0.245	-0.703	0.126	0.255	-1.94	-0.959	-2.751
