	rets	annret	annrtnz	stdz	std	sharpez	sharpe	sharpenz
CAM	0.816	1.005	3.499	0.482	0.708	2.083	1.42	4.942
SRCL	0.329	0.393	1.021	0.231	0.336	1.7	1.169	3.03
JBHT	0.262	0.312	1.908	0.12	0.232	2.59	1.343	8.213
JEC	0.258	0.306	1.581	0.109	0.199	2.808	1.534	7.907
XRX	0.251	0.299	1.386	0.152	0.275	1.957	1.084	5.03
RHI	0.194	0.23	2.065	0.11	0.25	2.079	0.92	8.253
FLS	0.191	0.227	2.021	0.101	0.227	2.244	0.999	8.894
HES	0.187	0.221	2.57	0.101	0.245	2.186	0.903	10.478
QCOM	0.184	0.218	1.478	0.193	0.413	1.127	0.528	3.578
MHK	0.176	0.208	0.81	0.111	0.195	1.869	1.065	4.137
COH	0.172	0.204	0.595	0.17	0.27	1.199	0.756	2.204
IR	0.165	0.195	0.454	0.123	0.178	1.58	1.092	2.538
FCX	0.161	0.19	0.802	0.282	0.52	0.674	0.366	1.542
EQT	0.16	0.189	0.847	0.183	0.345	1.03	0.548	2.456
AME	0.154	0.182	2.645	0.08	0.211	2.255	0.86	12.479
MRO	0.146	0.172	0.827	0.172	0.335	0.997	0.513	2.462
FLR	0.141	0.166	5.36	0.101	0.333	1.641	0.498	16.051
CF	0.14	0.166	5.333	0.151	0.512	1.099	0.324	10.413
PNR	0.127	0.15	0.732	0.132	0.262	1.13	0.571	2.789
TSN	0.123	0.145	0.708	0.117	0.231	1.242	0.629	3.054
NOV	0.12	0.141	2.293	0.091	0.266	1.544	0.531	8.612
NSC	0.114	0.134	0.975	0.075	0.172	1.771	0.778	5.654
FIS	0.113	0.133	2.642	0.074	0.227	1.79	0.588	11.612
KSU	0.099	0.116	1.344	0.141	0.39	0.826	0.299	3.444
GILD	0.097	0.114	0.418	0.158	0.285	0.723	0.401	1.469
APD	0.093	0.109	0.335	0.122	0.204	0.894	0.536	1.635
EQIX	0.092	0.108	2.045	0.068	0.216	1.577	0.501	9.441
XL	0.086	0.101	0.544	0.086	0.183	1.17	0.554	2.977
ADI	0.085	0.1	0.316	0.14	0.239	0.709	0.417	1.318
VZ	0.084	0.098	0.76	0.043	0.1	2.29	0.979	7.536
HIG	0.082	0.096	0.716	0.122	0.296	0.789	0.327	2.418
NI	0.078	0.091	0.253	0.142	0.229	0.641	0.398	1.1
FFIV	0.077	0.09	0.768	0.1	0.255	0.905	0.355	3.002
SHW	0.075	0.088	0.738	0.129	0.33	0.68	0.266	2.233
MSI	0.075	0.089	0.72	0.065	0.163	1.353	0.544	4.404
SJM	0.075	0.088	0.344	0.085	0.158	1.04	0.558	2.168
PKI	0.074	0.087	1.197	0.086	0.262	1.009	0.333	4.568
AVB	0.048	0.057	0.221	0.11	0.21	0.516	0.271	1.052
ZION	0.042	0.05	0.147	0.148	0.249	0.338	0.201	0.591
EOG	0.041	0.048	0.437	0.078	0.218	0.61	0.219	1.997
CTAS	0.039	0.045	0.189	0.084	0.165	0.546	0.277	1.142
JPM	0.039	0.046	1.009	0.092	0.363	0.498	0.127	2.781
MAS	0.038	0.045	0.21	0.105	0.219	0.428	0.205	0.958
HP	0.029	0.034	0.397	0.122	0.385	0.282	0.089	1.03
UNP	0.023	0.027	0.104	0.147	0.284	0.185	0.096	0.366
HAS	0.021	0.024	0.054	0.152	0.225	0.162	0.109	0.241
ISRG	0.02	0.023	0.064	0.129	0.214	0.18	0.109	0.301
ABT	0.019	0.022	0.063	0.122	0.206	0.182	0.108	0.309
AMG	0.016	0.019	0.114	0.141	0.339	0.135	0.056	0.337
SE	0.007	0.008	0.07	0.08	0.228	0.106	0.037	0.309
SNA	-0.003	-0.003	-0.01	0.108	0.182	-0.034	-0.02	-0.058
DFS	-0.004	-0.004	-0.026	0.109	0.262	-0.042	-0.017	-0.099
CMI	-0.004	-0.004	-0.227	0.043	0.318	-0.11	-0.015	-0.716
NDAQ	-0.005	-0.006	-0.076	0.06	0.217	-0.103	-0.028	-0.353
BXP	-0.009	-0.01	-0.034	0.102	0.185	-0.104	-0.057	-0.185
RF	-0.011	-0.013	-0.213	0.1	0.427	-0.132	-0.03	-0.499
LM	-0.016	-0.018	-0.146	0.079	0.229	-0.239	-0.082	-0.641
MLM	-0.016	-0.019	-0.282	0.031	0.126	-0.63	-0.155	-2.226
DISCA	-0.018	-0.021	-0.106	0.109	0.251	-0.193	-0.084	-0.423
IPG	-0.019	-0.022	-0.075	0.11	0.206	-0.204	-0.109	-0.366
AIZ	-0.021	-0.025	-0.057	0.115	0.178	-0.216	-0.14	-0.324
WFC	-0.022	-0.026	-0.086	0.118	0.22	-0.22	-0.118	-0.394
HBI	-0.022	-0.025	-0.071	0.147	0.25	-0.175	-0.103	-0.287
PAYX	-0.025	-0.03	-0.116	0.094	0.19	-0.319	-0.157	-0.613
SLB	-0.025	-0.029	-0.163	0.092	0.227	-0.317	-0.129	-0.719
ARG	-0.027	-0.031	-0.092	0.099	0.174	-0.315	-0.18	-0.531
DRI	-0.031	-0.036	-0.102	0.143	0.246	-0.254	-0.148	-0.417
RL	-0.031	-0.036	-0.303	0.053	0.167	-0.676	-0.216	-1.816
MOS	-0.035	-0.04	-0.267	0.108	0.295	-0.378	-0.138	-0.904
COF	-0.043	-0.05	-0.147	0.136	0.241	-0.368	-0.208	-0.611
KO	-0.045	-0.052	-0.276	0.061	0.151	-0.847	-0.346	-1.827
AMP	-0.045	-0.052	-0.199	0.118	0.24	-0.446	-0.22	-0.828
TROW	-0.046	-0.053	-0.216	0.123	0.259	-0.436	-0.206	-0.832
SNI	-0.047	-0.048	-0.095	0.184	0.262	-0.26	-0.183	-0.361
GPC	-0.048	-0.056	-0.208	0.122	0.245	-0.463	-0.23	-0.847
NEE	-0.057	-0.066	-0.291	0.096	0.216	-0.684	-0.304	-1.341
AMT	-0.058	-0.067	-0.26	0.097	0.203	-0.689	-0.331	-1.279
PXD	-0.058	-0.068	-0.346	0.174	0.429	-0.391	-0.159	-0.806
IP	-0.059	-0.068	-0.185	0.129	0.22	-0.53	-0.311	-0.841
BA	-0.07	-0.081	-0.279	0.11	0.217	-0.734	-0.373	-1.282
CB	-0.071	-0.082	-0.242	0.098	0.176	-0.837	-0.465	-1.369
ETFC	-0.073	-0.085	-0.296	0.148	0.295	-0.574	-0.289	-1.001
EMN	-0.074	-0.086	-0.777	0.072	0.281	-1.198	-0.307	-2.759
SWN	-0.077	-0.09	-0.24	0.228	0.391	-0.394	-0.229	-0.614
HAR	-0.087	-0.101	-0.649	0.102	0.317	-0.988	-0.319	-2.048
SCHW	-0.09	-0.105	-0.329	0.181	0.345	-0.578	-0.304	-0.953
NUE	-0.091	-0.106	-0.367	0.127	0.256	-0.835	-0.413	-1.43
TSS	-0.094	-0.109	-0.284	0.142	0.242	-0.771	-0.453	-1.176
PFG	-0.098	-0.113	-0.293	0.159	0.272	-0.71	-0.417	-1.078
GAS	-0.1	-0.116	-0.238	0.105	0.156	-1.103	-0.742	-1.523
COG	-0.103	-0.12	-0.526	0.055	0.128	-2.156	-0.935	-4.099
MA	-0.109	-0.126	-0.33	0.125	0.216	-1.009	-0.586	-1.528
MET	-0.129	-0.149	-0.781	0.105	0.311	-1.42	-0.479	-2.507
MJN	-0.132	-0.153	-0.684	0.107	0.275	-1.429	-0.555	-2.483
JNPR	-0.134	-0.155	-0.626	0.097	0.23	-1.588	-0.672	-2.716
C	-0.153	-0.176	-0.42	0.175	0.294	-1.005	-0.599	-1.427
BK	-0.157	-0.18	-0.436	0.15	0.254	-1.203	-0.71	-1.717
FOXA	-0.214	-0.245	-0.703	0.126	0.255	-1.94	-0.959	-2.751
VIAB	-0.217	-0.249	-0.597	0.191	0.339	-1.304	-0.734	-1.762
