	rets	annret	annrtnz	stdz	std	sharpez	sharpe	sharpenz
XRX	0.329	0.393	1.508	0.164	0.27	2.392	1.453	5.569
SRCL	0.305	0.364	0.984	0.229	0.34	1.59	1.071	2.893
EQT	0.277	0.33	1.479	0.192	0.341	1.715	0.968	4.332
FLS	0.271	0.323	2.071	0.116	0.225	2.778	1.435	9.186
CF	0.22	0.261	0.782	0.22	0.347	1.186	0.752	2.248
NOV	0.212	0.252	1.087	0.169	0.304	1.489	0.827	3.568
BIIB	0.21	0.249	0.706	0.176	0.273	1.408	0.909	2.577
RHI	0.201	0.238	1.219	0.112	0.212	2.129	1.121	5.733
TJX	0.197	0.233	3.54	0.075	0.183	3.08	1.271	19.263
AME	0.197	0.233	1.574	0.103	0.214	2.251	1.089	7.337
PWR	0.18	0.213	0.626	0.358	0.57	0.595	0.374	1.098
ETFC	0.167	0.198	15.275	0.107	0.385	1.844	0.513	39.59
KSU	0.163	0.193	1.537	0.162	0.37	1.189	0.521	4.152
NBL	0.154	0.182	5.729	0.123	0.399	1.483	0.457	14.353
ISRG	0.145	0.171	0.75	0.109	0.204	1.567	0.838	3.676
AAP	0.125	0.148	0.514	0.109	0.189	1.353	0.783	2.716
FIS	0.115	0.136	1.252	0.081	0.201	1.666	0.676	6.221
NWL	0.108	0.127	0.974	0.104	0.247	1.215	0.514	3.944
SWN	0.107	0.126	0.478	0.218	0.396	0.58	0.32	1.207
NDAQ	0.107	0.126	1.184	0.095	0.241	1.321	0.524	4.897
IR	0.103	0.121	0.51	0.103	0.196	1.167	0.616	2.596
ESS	0.101	0.118	0.555	0.102	0.203	1.157	0.585	2.734
FCX	0.094	0.111	0.384	0.292	0.516	0.379	0.215	0.745
MSI	0.093	0.109	0.835	0.071	0.17	1.523	0.641	4.887
BHI	0.081	0.095	1.074	0.122	0.345	0.778	0.276	3.11
EBAY	0.076	0.09	0.542	0.095	0.212	0.945	0.422	2.547
HES	0.073	0.086	0.354	0.151	0.291	0.568	0.296	1.217
ADI	0.065	0.076	0.234	0.142	0.24	0.539	0.318	0.972
VZ	0.065	0.077	0.773	0.041	0.112	1.836	0.688	6.907
AMZN	0.058	0.068	0.542	0.116	0.297	0.589	0.23	1.825
AVGO	0.057	0.061	0.66	0.086	0.249	0.717	0.247	2.645
PRGO	0.057	0.066	0.459	0.127	0.308	0.524	0.216	1.49
BWA	0.056	0.065	0.24	0.202	0.374	0.324	0.176	0.642
HP	0.053	0.062	0.179	0.252	0.418	0.247	0.148	0.429
PNR	0.05	0.059	0.243	0.129	0.251	0.458	0.234	0.966
CL	0.046	0.054	0.247	0.096	0.197	0.565	0.276	1.253
SE	0.045	0.053	0.404	0.093	0.238	0.571	0.223	1.696
LLL	0.044	0.051	0.129	0.168	0.262	0.307	0.197	0.492
PKI	0.042	0.049	0.247	0.103	0.222	0.476	0.221	1.113
AMG	0.025	0.029	0.109	0.159	0.301	0.186	0.098	0.362
HIG	0.023	0.027	0.113	0.136	0.27	0.203	0.102	0.419
PX	0.023	0.027	0.111	0.102	0.202	0.27	0.137	0.551
PCL	0.012	0.014	0.039	0.101	0.167	0.141	0.085	0.235
EQIX	0.009	0.011	0.171	0.058	0.222	0.189	0.049	0.773
KO	0.007	0.008	0.034	0.066	0.13	0.135	0.069	0.265
AIZ	0.007	0.008	0.024	0.104	0.173	0.084	0.051	0.14
ROP	0.003	0.003	0.015	0.091	0.181	0.042	0.021	0.084
TMK	-0.0	-0.0	-0.002	0.074	0.165	-0.006	-0.003	-0.014
AMGN	-0.002	-0.002	-0.047	0.08	0.329	-0.036	-0.008	-0.142
SNA	-0.003	-0.003	-0.01	0.108	0.182	-0.034	-0.02	-0.058
DFS	-0.004	-0.004	-0.026	0.109	0.262	-0.042	-0.017	-0.099
MNST	-0.005	-0.006	-0.018	0.134	0.228	-0.047	-0.028	-0.079
DVN	-0.006	-0.007	-0.072	0.144	0.454	-0.052	-0.016	-0.158
RF	-0.012	-0.015	-0.11	0.129	0.36	-0.116	-0.041	-0.305
BDX	-0.012	-0.014	-0.051	0.094	0.183	-0.148	-0.076	-0.28
LM	-0.012	-0.014	-0.052	0.117	0.228	-0.121	-0.062	-0.228
BA	-0.014	-0.016	-0.054	0.12	0.219	-0.139	-0.076	-0.246
MHFI	-0.019	-0.022	-0.11	0.13	0.297	-0.171	-0.075	-0.369
DOV	-0.022	-0.025	-0.218	0.053	0.165	-0.482	-0.157	-1.326
AMT	-0.033	-0.039	-0.15	0.099	0.202	-0.392	-0.193	-0.743
SNI	-0.038	-0.038	-0.087	0.167	0.254	-0.232	-0.152	-0.342
PRU	-0.039	-0.045	-0.115	0.183	0.299	-0.248	-0.152	-0.386
GPC	-0.039	-0.045	-0.156	0.126	0.242	-0.36	-0.187	-0.646
DISCA	-0.039	-0.045	-0.14	0.161	0.29	-0.283	-0.157	-0.482
HRS	-0.04	-0.046	-0.223	0.093	0.215	-0.5	-0.217	-1.036
HBI	-0.041	-0.048	-0.129	0.148	0.248	-0.328	-0.196	-0.52
AMP	-0.044	-0.051	-0.221	0.106	0.231	-0.486	-0.223	-0.954
CB	-0.048	-0.055	-0.187	0.09	0.171	-0.618	-0.324	-1.087
TROW	-0.049	-0.057	-0.16	0.139	0.24	-0.413	-0.239	-0.668
D	-0.053	-0.062	-0.175	0.11	0.192	-0.562	-0.323	-0.912
HAS	-0.054	-0.063	-0.148	0.146	0.23	-0.432	-0.274	-0.643
SBUX	-0.055	-0.064	-0.23	0.126	0.251	-0.509	-0.256	-0.914
TSS	-0.058	-0.068	-0.186	0.14	0.241	-0.485	-0.282	-0.773
MJN	-0.063	-0.074	-0.242	0.117	0.223	-0.631	-0.332	-1.083
HRL	-0.064	-0.075	-0.201	0.107	0.183	-0.695	-0.408	-1.096
DRI	-0.075	-0.087	-0.242	0.134	0.235	-0.647	-0.37	-1.029
GILD	-0.079	-0.091	-0.194	0.184	0.277	-0.497	-0.33	-0.701
AIG	-0.08	-0.093	-0.238	0.146	0.244	-0.639	-0.382	-0.975
LRCX	-0.083	-0.096	-0.276	0.107	0.192	-0.897	-0.503	-1.436
YHOO	-0.086	-0.099	-0.449	0.145	0.347	-0.683	-0.286	-1.292
SPG	-0.093	-0.108	-0.253	0.125	0.2	-0.864	-0.54	-1.262
MLM	-0.101	-0.117	-0.507	0.207	0.495	-0.565	-0.236	-1.025
NUE	-0.101	-0.117	-0.243	0.186	0.278	-0.632	-0.422	-0.873
APA	-0.11	-0.127	-0.693	0.199	0.584	-0.641	-0.218	-1.185
FTR	-0.11	-0.127	-0.457	0.173	0.367	-0.735	-0.346	-1.246
LUV	-0.12	-0.139	-0.741	0.093	0.271	-1.489	-0.514	-2.732
BK	-0.129	-0.149	-0.311	0.16	0.243	-0.934	-0.614	-1.278
FOX	-0.137	-0.158	-0.499	0.142	0.284	-1.114	-0.559	-1.758
RRC	-0.138	-0.159	-0.847	0.078	0.235	-2.023	-0.677	-3.594
AEP	-0.141	-0.163	-0.468	0.107	0.199	-1.527	-0.818	-2.347
CCE	-0.145	-0.167	-0.489	0.171	0.327	-0.977	-0.511	-1.492
C	-0.153	-0.176	-0.42	0.175	0.294	-1.005	-0.599	-1.427
SCHW	-0.17	-0.195	-0.718	0.16	0.383	-1.217	-0.509	-1.875
MET	-0.175	-0.201	-0.77	0.114	0.283	-1.753	-0.71	-2.719
FOXA	-0.175	-0.201	-0.532	0.152	0.279	-1.32	-0.721	-1.906
VIAB	-0.24	-0.274	-0.661	0.188	0.343	-1.458	-0.8	-1.928
