	rets	annret	annrtnz	stdz	std	sharpez	sharpe	sharpenz
EXPE	0.712	0.872	4.119	0.23	0.363	3.784	2.397	11.32
APC	0.58	0.704	3.303	0.205	0.333	3.424	2.114	9.91
HP	0.476	0.575	2.704	0.25	0.42	2.298	1.367	6.428
CAM	0.47	0.568	2.789	0.472	0.812	1.203	0.699	3.435
SRCL	0.373	0.447	1.054	0.234	0.327	1.907	1.368	3.224
WYN	0.291	0.347	1.446	0.151	0.259	2.286	1.336	5.565
KSU	0.287	0.343	5.905	0.148	0.364	2.307	0.942	16.214
NOV	0.279	0.332	3.908	0.121	0.271	2.738	1.224	14.393
RHI	0.25	0.297	0.709	0.143	0.204	2.08	1.454	3.467
FLS	0.191	0.227	2.021	0.101	0.227	2.244	0.999	8.894
HES	0.191	0.226	0.8	0.175	0.298	1.287	0.759	2.685
SHW	0.186	0.22	0.588	0.153	0.233	1.436	0.943	2.518
IR	0.165	0.195	0.454	0.123	0.178	1.58	1.092	2.538
LEN	0.144	0.17	0.636	0.166	0.295	1.021	0.577	2.156
AXP	0.144	0.17	3.403	0.079	0.226	2.16	0.755	15.044
PKI	0.142	0.167	2.308	0.079	0.208	2.117	0.802	11.048
MAR	0.123	0.145	0.66	0.131	0.252	1.109	0.576	2.61
XL	0.109	0.129	0.84	0.081	0.18	1.579	0.714	4.656
SBUX	0.102	0.12	0.494	0.126	0.237	0.953	0.506	2.085
AET	0.094	0.11	1.247	0.09	0.248	1.218	0.445	5.022
AME	0.093	0.11	1.07	0.082	0.213	1.339	0.515	5.016
FISV	0.092	0.108	0.35	0.111	0.19	0.973	0.569	1.84
EQT	0.083	0.098	0.705	0.147	0.35	0.668	0.28	2.009
DO	0.082	0.096	1.09	0.169	0.48	0.568	0.201	2.271
AVB	0.081	0.095	0.505	0.102	0.216	0.929	0.438	2.33
MAS	0.078	0.091	0.297	0.134	0.232	0.683	0.396	1.281
NI	0.078	0.091	0.253	0.142	0.229	0.641	0.398	1.1
ADI	0.065	0.076	0.234	0.142	0.24	0.539	0.318	0.972
PNR	0.057	0.067	0.336	0.124	0.262	0.544	0.258	1.281
MMM	0.056	0.065	0.195	0.096	0.162	0.678	0.404	1.202
HON	0.054	0.063	0.204	0.111	0.193	0.572	0.329	1.054
HD	0.053	0.062	0.188	0.112	0.19	0.557	0.329	0.992
MSI	0.051	0.06	0.219	0.111	0.205	0.541	0.293	1.064
GE	0.039	0.046	0.147	0.104	0.183	0.44	0.251	0.802
EQIX	0.035	0.041	0.438	0.075	0.226	0.544	0.181	1.933
DVN	0.032	0.037	0.185	0.171	0.368	0.22	0.102	0.503
AMG	0.031	0.036	0.184	0.153	0.334	0.238	0.109	0.55
HAS	0.027	0.032	0.124	0.12	0.233	0.265	0.137	0.533
PLD	0.016	0.018	0.285	0.076	0.28	0.246	0.066	1.017
BSX	0.014	0.017	0.073	0.13	0.267	0.132	0.064	0.275
HRL	0.013	0.015	0.048	0.097	0.168	0.164	0.094	0.287
WAT	0.011	0.013	0.075	0.12	0.276	0.115	0.05	0.272
SNA	0.007	0.008	0.017	0.117	0.17	0.071	0.049	0.102
A	0.003	0.004	0.019	0.123	0.255	0.036	0.017	0.074
RL	0.0	0.0	0.001	0.11	0.219	0.002	0.001	0.005
COG	-0.0	-0.0	-0.0	0.195	0.331	-0.0	-0.0	-0.001
EQR	-0.001	-0.001	-0.006	0.085	0.187	-0.014	-0.006	-0.032
UNM	-0.002	-0.002	-0.012	0.105	0.248	-0.022	-0.009	-0.051
CB	-0.002	-0.002	-0.006	0.113	0.168	-0.024	-0.016	-0.036
HIG	-0.006	-0.007	-0.026	0.142	0.268	-0.054	-0.028	-0.1
AON	-0.008	-0.009	-0.021	0.113	0.174	-0.082	-0.054	-0.124
DLTR	-0.008	-0.01	-0.02	0.144	0.204	-0.071	-0.05	-0.099
RRC	-0.009	-0.01	-0.035	0.175	0.322	-0.062	-0.033	-0.111
BEN	-0.022	-0.026	-0.361	0.073	0.301	-0.36	-0.088	-1.2
MMC	-0.028	-0.032	-0.112	0.102	0.192	-0.323	-0.171	-0.581
COF	-0.029	-0.034	-0.095	0.141	0.24	-0.242	-0.142	-0.396
BXP	-0.032	-0.037	-0.087	0.134	0.208	-0.28	-0.18	-0.421
BK	-0.032	-0.038	-0.452	0.098	0.388	-0.387	-0.098	-1.164
WFC	-0.033	-0.038	-0.097	0.134	0.217	-0.288	-0.179	-0.447
AMT	-0.036	-0.042	-0.158	0.099	0.2	-0.423	-0.21	-0.791
ARG	-0.037	-0.044	-0.086	0.126	0.181	-0.347	-0.243	-0.48
LM	-0.042	-0.049	-0.105	0.144	0.213	-0.344	-0.232	-0.492
KO	-0.046	-0.053	-0.197	0.067	0.135	-0.788	-0.393	-1.453
COP	-0.046	-0.053	-0.146	0.162	0.276	-0.33	-0.193	-0.53
WBA	-0.048	-0.056	-0.205	0.093	0.185	-0.607	-0.305	-1.105
EMR	-0.049	-0.057	-0.154	0.12	0.204	-0.476	-0.281	-0.758
IP	-0.049	-0.057	-0.122	0.146	0.218	-0.391	-0.262	-0.559
AMP	-0.049	-0.057	-0.174	0.127	0.231	-0.448	-0.246	-0.757
BLK	-0.054	-0.063	-0.184	0.129	0.23	-0.485	-0.273	-0.8
DFS	-0.063	-0.064	-0.239	0.117	0.237	-0.551	-0.271	-1.007
PXD	-0.065	-0.076	-0.301	0.194	0.415	-0.392	-0.184	-0.724
MOS	-0.065	-0.075	-0.572	0.065	0.211	-1.149	-0.357	-2.706
GPC	-0.066	-0.077	-0.353	0.114	0.265	-0.678	-0.291	-1.33
TROW	-0.069	-0.08	-0.276	0.126	0.248	-0.636	-0.323	-1.11
BA	-0.07	-0.081	-0.279	0.11	0.217	-0.734	-0.373	-1.282
WFM	-0.071	-0.083	-0.159	0.205	0.291	-0.406	-0.286	-0.549
LRCX	-0.072	-0.084	-0.206	0.121	0.197	-0.691	-0.424	-1.044
TSS	-0.073	-0.084	-0.297	0.135	0.271	-0.624	-0.311	-1.096
VNO	-0.074	-0.086	-0.184	0.138	0.208	-0.628	-0.417	-0.888
ETFC	-0.08	-0.092	-0.288	0.167	0.314	-0.553	-0.295	-0.916
SLG	-0.087	-0.101	-0.176	0.132	0.179	-0.766	-0.566	-0.986
CNX	-0.089	-0.103	-0.883	0.091	0.388	-1.128	-0.266	-2.273
MJN	-0.092	-0.106	-0.41	0.113	0.244	-0.941	-0.436	-1.677
GAS	-0.095	-0.11	-0.257	0.093	0.148	-1.185	-0.743	-1.731
PFG	-0.106	-0.123	-0.278	0.165	0.261	-0.744	-0.471	-1.065
MA	-0.109	-0.126	-0.33	0.125	0.216	-1.009	-0.586	-1.528
WEC	-0.111	-0.128	-0.354	0.121	0.216	-1.057	-0.593	-1.634
MRO	-0.113	-0.131	-0.266	0.269	0.401	-0.487	-0.327	-0.664
HCP	-0.113	-0.13	-0.395	0.114	0.217	-1.134	-0.599	-1.817
LVLT	-0.119	-0.137	-0.751	0.135	0.409	-1.018	-0.336	-1.835
ADSK	-0.123	-0.142	-0.453	0.156	0.31	-0.909	-0.459	-1.46
MET	-0.129	-0.149	-0.781	0.105	0.311	-1.42	-0.479	-2.507
SCHW	-0.137	-0.158	-0.435	0.191	0.348	-0.827	-0.453	-1.248
C	-0.153	-0.176	-0.42	0.175	0.294	-1.005	-0.599	-1.427
CCE	-0.168	-0.193	-0.436	0.188	0.308	-1.025	-0.627	-1.414
CBS	-0.171	-0.196	-0.793	0.095	0.239	-2.069	-0.82	-3.308
FOXA	-0.183	-0.21	-0.528	0.138	0.245	-1.516	-0.857	-2.149
AA	-0.192	-0.22	-0.516	0.214	0.365	-1.029	-0.602	-1.412
VIAB	-0.342	-0.386	-0.797	0.2	0.355	-1.927	-1.087	-2.246
