	rets	annret	annrtnz	stdz	std	sharpez	sharpe	sharpenz
EXPE	0.637	0.777	4.486	0.227	0.382	3.415	2.032	11.729
NI	0.435	0.524	0.488	0.14	0.225	3.722	2.328	2.17
POM	0.274	0.326	0.542	0.109	0.221	2.995	1.473	2.446
WYN	0.27	0.322	1.936	0.147	0.285	2.176	1.128	6.784
NOV	0.247	0.293	1.294	0.169	0.302	1.732	0.971	4.282
CF	0.22	0.261	0.782	0.22	0.347	1.186	0.752	2.248
KSU	0.2	0.236	7.072	0.13	0.389	1.818	0.608	18.175
FLS	0.191	0.227	2.021	0.101	0.227	2.244	0.999	8.894
CTAS	0.179	0.212	0.281	0.083	0.156	2.538	1.36	1.8
MHK	0.176	0.208	0.81	0.111	0.195	1.869	1.065	4.137
SHW	0.174	0.206	0.506	0.154	0.228	1.333	0.902	2.212
ETFC	0.167	0.197	0.527	0.221	0.339	0.894	0.582	1.554
IR	0.165	0.195	0.454	0.123	0.178	1.58	1.092	2.538
BWA	0.158	0.187	0.939	0.19	0.372	0.985	0.502	2.52
MU	0.15	0.177	3.112	0.205	0.599	0.864	0.296	5.192
CRM	0.145	0.171	1.58	0.107	0.259	1.585	0.659	6.091
LEN	0.144	0.17	0.636	0.166	0.295	1.021	0.577	2.156
PNR	0.127	0.15	0.732	0.132	0.262	1.13	0.571	2.789
EQT	0.118	0.138	0.573	0.187	0.35	0.74	0.395	1.634
HES	0.117	0.138	0.474	0.154	0.267	0.894	0.515	1.772
HD	0.105	0.123	0.61	0.084	0.168	1.475	0.736	3.626
NSC	0.089	0.104	0.691	0.079	0.181	1.316	0.579	3.818
XL	0.089	0.105	0.854	0.073	0.178	1.437	0.587	4.775
MAR	0.088	0.103	0.436	0.135	0.26	0.765	0.399	1.677
AVB	0.081	0.095	0.413	0.108	0.211	0.878	0.451	1.951
MAS	0.078	0.091	0.297	0.134	0.232	0.683	0.396	1.281
ISRG	0.076	0.089	2.448	0.048	0.17	1.831	0.526	14.366
MRO	0.067	0.078	0.18	0.286	0.424	0.275	0.185	0.424
PKI	0.065	0.077	0.346	0.102	0.205	0.751	0.375	1.685
MSI	0.062	0.073	0.296	0.109	0.209	0.671	0.35	1.414
EBAY	0.056	0.066	0.282	0.123	0.243	0.537	0.273	1.158
CL	0.052	0.061	0.292	0.095	0.199	0.639	0.307	1.468
ADP	0.043	0.051	0.211	0.093	0.183	0.547	0.277	1.153
SE	0.04	0.047	0.279	0.099	0.229	0.478	0.208	1.215
HON	0.038	0.044	0.183	0.102	0.202	0.434	0.22	0.906
AME	0.038	0.045	1.224	0.059	0.249	0.759	0.181	4.906
SBUX	0.038	0.045	0.302	0.119	0.292	0.378	0.153	1.034
EQIX	0.035	0.041	0.438	0.075	0.226	0.544	0.181	1.933
BF-B	0.031	0.036	0.231	0.072	0.176	0.499	0.206	1.315
DE	0.027	0.031	0.851	0.047	0.208	0.669	0.153	4.094
CAM	0.016	0.018	0.363	0.06	0.247	0.31	0.076	1.467
COF	0.009	0.011	0.029	0.149	0.242	0.075	0.046	0.121
DISCA	0.008	0.01	0.103	0.07	0.22	0.143	0.045	0.469
MYL	0.004	0.005	0.01	0.332	0.459	0.016	0.011	0.022
RRC	-0.0	-0.0	-0.002	0.154	0.361	-0.002	-0.001	-0.005
LVLT	-0.001	-0.001	-0.038	0.036	0.162	-0.054	-0.012	-0.237
AXP	-0.003	-0.003	-0.02	0.108	0.246	-0.036	-0.016	-0.082
NDAQ	-0.005	-0.006	-0.076	0.06	0.217	-0.103	-0.028	-0.353
ADI	-0.012	-0.014	-0.053	0.128	0.248	-0.113	-0.058	-0.214
TEL	-0.015	-0.015	-0.074	0.07	0.157	-0.219	-0.098	-0.47
OI	-0.019	-0.022	-0.104	0.142	0.313	-0.159	-0.072	-0.333
ARG	-0.022	-0.025	-0.067	0.108	0.178	-0.236	-0.143	-0.379
SNA	-0.025	-0.029	-0.064	0.114	0.171	-0.257	-0.171	-0.375
HSIC	-0.026	-0.03	-0.145	0.094	0.211	-0.326	-0.145	-0.685
RF	-0.026	-0.03	-0.311	0.11	0.384	-0.276	-0.079	-0.81
UNM	-0.029	-0.034	-0.089	0.153	0.253	-0.223	-0.135	-0.354
A	-0.032	-0.037	-0.178	0.117	0.266	-0.319	-0.14	-0.668
PXD	-0.039	-0.046	-0.178	0.196	0.402	-0.234	-0.114	-0.442
MOS	-0.045	-0.052	-0.253	0.11	0.258	-0.475	-0.203	-0.98
SLG	-0.045	-0.052	-0.103	0.127	0.182	-0.414	-0.29	-0.57
COH	-0.045	-0.053	-0.209	0.118	0.247	-0.446	-0.214	-0.847
AIG	-0.046	-0.053	-0.327	0.114	0.308	-0.467	-0.173	-1.062
HIG	-0.046	-0.053	-0.137	0.15	0.247	-0.356	-0.215	-0.556
DRI	-0.046	-0.054	-0.127	0.165	0.261	-0.326	-0.207	-0.489
SNI	-0.047	-0.048	-0.095	0.184	0.262	-0.26	-0.183	-0.361
BXP	-0.048	-0.056	-0.159	0.116	0.202	-0.483	-0.277	-0.787
MMC	-0.049	-0.057	-0.198	0.1	0.195	-0.57	-0.294	-1.014
TROW	-0.049	-0.057	-0.263	0.116	0.264	-0.494	-0.217	-0.993
CB	-0.052	-0.06	-0.169	0.1	0.173	-0.603	-0.349	-0.974
DFS	-0.054	-0.055	-0.254	0.112	0.254	-0.497	-0.219	-1.0
GE	-0.058	-0.068	-0.258	0.087	0.18	-0.778	-0.378	-1.434
GPC	-0.066	-0.077	-0.353	0.114	0.265	-0.678	-0.291	-1.33
SCHW	-0.067	-0.078	-0.413	0.148	0.379	-0.527	-0.205	-1.087
TSS	-0.068	-0.079	-0.205	0.143	0.239	-0.553	-0.331	-0.855
WFM	-0.071	-0.083	-0.159	0.205	0.291	-0.406	-0.286	-0.549
AMP	-0.077	-0.09	-0.262	0.131	0.236	-0.687	-0.382	-1.112
SWN	-0.077	-0.09	-0.24	0.228	0.391	-0.394	-0.229	-0.614
BK	-0.077	-0.09	-0.64	0.105	0.344	-0.852	-0.261	-1.857
ADS	-0.08	-0.092	-0.6	0.081	0.243	-1.147	-0.381	-2.461
EMR	-0.08	-0.093	-0.362	0.1	0.215	-0.926	-0.432	-1.682
IPG	-0.095	-0.11	-0.39	0.089	0.183	-1.233	-0.602	-2.134
PCG	-0.096	-0.111	-0.247	0.088	0.226	-1.258	-0.492	-1.091
C	-0.099	-0.115	-0.392	0.142	0.288	-0.805	-0.398	-1.359
BLK	-0.105	-0.121	-0.345	0.124	0.226	-0.972	-0.537	-1.528
BA	-0.106	-0.122	-0.381	0.125	0.24	-0.978	-0.511	-1.588
LM	-0.12	-0.139	-0.323	0.127	0.206	-1.089	-0.674	-1.566
DVN	-0.128	-0.147	-0.327	0.2	0.316	-0.736	-0.466	-1.033
NUE	-0.134	-0.154	-0.489	0.136	0.272	-1.133	-0.568	-1.8
CCE	-0.154	-0.178	-0.449	0.182	0.318	-0.975	-0.558	-1.41
CBS	-0.17	-0.196	-0.711	0.102	0.235	-1.917	-0.834	-3.025
MET	-0.175	-0.201	-0.77	0.114	0.283	-1.753	-0.71	-2.719
FOX	-0.183	-0.211	-0.568	0.13	0.243	-1.611	-0.865	-2.331
AA	-0.199	-0.227	-0.606	0.198	0.375	-1.15	-0.607	-1.616
FOXA	-0.205	-0.234	-0.624	0.134	0.252	-1.75	-0.929	-2.472
SNDK	-0.212	-0.243	-0.627	0.243	0.458	-0.998	-0.53	-1.368
VIAB	-0.289	-0.328	-0.632	0.211	0.332	-1.557	-0.987	-1.9
