	rets	annret	annrtnz	stdz	std	sharpez	sharpe	sharpenz
MU	0.576	0.7	6.762	0.246	0.472	2.841	1.484	14.323
EXPE	0.482	0.582	4.219	0.218	0.405	2.669	1.437	10.416
DO	0.309	0.369	185.972	0.155	0.541	2.383	0.682	343.142
FLS	0.297	0.355	5.528	0.1	0.226	3.517	1.567	24.401
NOV	0.285	0.339	1.772	0.163	0.3	2.083	1.13	5.897
EQT	0.242	0.287	1.381	0.191	0.352	1.504	0.816	3.919
KSU	0.238	0.283	1.717	0.165	0.326	1.718	0.868	5.256
ETFC	0.221	0.263	13.269	0.114	0.351	2.298	0.749	37.759
HES	0.194	0.23	0.992	0.146	0.264	1.576	0.869	3.747
RHI	0.185	0.218	0.993	0.114	0.211	1.908	1.034	4.695
PH	0.172	0.203	0.889	0.115	0.212	1.759	0.958	4.182
LEN	0.154	0.182	0.704	0.166	0.296	1.098	0.616	2.377
CELG	0.153	0.18	2.309	0.128	0.339	1.403	0.532	6.805
MAS	0.144	0.169	1.026	0.111	0.233	1.528	0.727	4.399
FCX	0.136	0.16	0.503	0.314	0.521	0.511	0.308	0.964
NWL	0.127	0.15	0.991	0.103	0.227	1.451	0.662	4.36
NSC	0.118	0.139	0.927	0.099	0.221	1.396	0.629	4.186
NI	0.099	0.117	0.334	0.141	0.228	0.829	0.512	1.463
DE	0.089	0.105	0.57	0.075	0.159	1.389	0.66	3.571
PKI	0.086	0.101	0.453	0.113	0.223	0.894	0.455	2.03
MOS	0.072	0.084	0.412	0.183	0.377	0.463	0.224	1.09
HD	0.072	0.085	0.291	0.098	0.174	0.863	0.487	1.668
CTAS	0.068	0.08	0.353	0.082	0.164	0.967	0.488	2.157
WYN	0.067	0.078	0.297	0.12	0.223	0.655	0.353	1.333
HOT	0.066	0.078	0.201	0.18	0.281	0.435	0.278	0.713
DFS	0.052	0.053	0.638	0.073	0.225	0.727	0.237	2.829
PNR	0.043	0.05	0.229	0.123	0.252	0.412	0.201	0.908
MNST	0.041	0.048	2.089	0.038	0.175	1.252	0.274	11.922
WFM	0.039	0.046	0.155	0.163	0.292	0.285	0.159	0.533
BF-B	0.038	0.044	0.233	0.076	0.168	0.582	0.265	1.388
MSI	0.032	0.037	0.156	0.106	0.212	0.352	0.177	0.736
TSS	0.032	0.038	0.383	0.072	0.211	0.531	0.18	1.811
SE	0.031	0.036	0.194	0.1	0.222	0.367	0.165	0.873
HON	0.027	0.032	0.108	0.108	0.194	0.3	0.166	0.558
SWN	0.026	0.03	0.088	0.242	0.408	0.126	0.075	0.217
AMG	0.025	0.029	0.109	0.159	0.301	0.186	0.098	0.362
APD	0.023	0.027	0.058	0.149	0.219	0.18	0.123	0.267
ADI	0.023	0.027	0.079	0.148	0.249	0.186	0.11	0.318
UNP	0.023	0.027	0.104	0.147	0.284	0.185	0.096	0.366
CRM	0.023	0.027	0.34	0.082	0.272	0.332	0.101	1.251
MMM	0.022	0.026	0.075	0.096	0.161	0.274	0.164	0.465
BLK	0.02	0.024	0.061	0.135	0.214	0.178	0.112	0.285
LRCX	0.015	0.017	0.133	0.079	0.212	0.222	0.082	0.628
EBAY	0.008	0.01	0.047	0.089	0.19	0.115	0.054	0.249
AON	0.005	0.005	0.014	0.103	0.164	0.056	0.035	0.088
CMS	0.001	0.002	0.012	0.097	0.239	0.021	0.008	0.051
TROW	0.000	0.0	0.0	0.115	0.248	0.0	0.0	0.002
CF	-0.001	-0.001	-0.005	0.183	0.318	-0.01	-0.005	-0.017
CB	-0.005	-0.006	-0.023	0.09	0.169	-0.074	-0.04	-0.136
RF	-0.005	-0.006	-0.055	0.116	0.357	-0.052	-0.017	-0.156
BXP	-0.008	-0.009	-0.025	0.119	0.201	-0.077	-0.046	-0.128
SNA	-0.009	-0.01	-0.023	0.115	0.172	-0.092	-0.062	-0.136
EFX	-0.01	-0.012	-0.02	0.125	0.163	-0.098	-0.075	-0.126
FISV	-0.01	-0.012	-0.075	0.089	0.223	-0.141	-0.056	-0.338
PX	-0.011	-0.013	-0.035	0.113	0.185	-0.12	-0.073	-0.192
BA	-0.014	-0.016	-0.054	0.12	0.219	-0.139	-0.076	-0.246
ESS	-0.015	-0.017	-0.541	0.045	0.298	-0.39	-0.059	-1.813
EQR	-0.015	-0.018	-0.553	0.047	0.306	-0.392	-0.06	-1.801
AVB	-0.02	-0.023	-0.642	0.035	0.225	-0.663	-0.104	-2.85
LM	-0.021	-0.025	-0.066	0.137	0.225	-0.184	-0.112	-0.293
AIZ	-0.021	-0.025	-0.057	0.115	0.178	-0.216	-0.14	-0.324
UNM	-0.023	-0.027	-0.148	0.107	0.256	-0.26	-0.108	-0.579
KO	-0.026	-0.03	-0.103	0.071	0.133	-0.432	-0.23	-0.774
CVX	-0.032	-0.037	-0.316	0.086	0.27	-0.44	-0.14	-1.168
AMP	-0.033	-0.038	-0.112	0.133	0.233	-0.288	-0.164	-0.482
HRL	-0.034	-0.04	-0.184	0.086	0.193	-0.467	-0.21	-0.953
HIG	-0.035	-0.041	-0.152	0.112	0.224	-0.366	-0.184	-0.68
PRU	-0.039	-0.045	-0.115	0.183	0.299	-0.248	-0.152	-0.386
GPC	-0.039	-0.045	-0.156	0.126	0.242	-0.36	-0.187	-0.646
ORCL	-0.044	-0.051	-0.272	0.068	0.168	-0.749	-0.306	-1.616
COF	-0.047	-0.055	-0.138	0.146	0.237	-0.38	-0.235	-0.584
D	-0.053	-0.062	-0.175	0.11	0.192	-0.562	-0.323	-0.912
DRI	-0.059	-0.069	-0.176	0.148	0.244	-0.468	-0.283	-0.721
NUE	-0.061	-0.07	-0.158	0.18	0.277	-0.393	-0.256	-0.572
IPG	-0.064	-0.074	-0.194	0.129	0.217	-0.575	-0.342	-0.897
GE	-0.066	-0.077	-0.268	0.115	0.227	-0.671	-0.341	-1.177
DG	-0.076	-0.091	-0.171	0.141	0.197	-0.65	-0.463	-0.865
BK	-0.077	-0.089	-0.363	0.122	0.268	-0.733	-0.334	-1.353
LVLT	-0.08	-0.093	-0.344	0.158	0.331	-0.586	-0.281	-1.041
RRC	-0.08	-0.093	-0.305	0.163	0.316	-0.569	-0.294	-0.964
AA	-0.099	-0.114	-0.305	0.225	0.392	-0.507	-0.292	-0.78
PFG	-0.102	-0.118	-0.255	0.172	0.265	-0.683	-0.444	-0.961
LNC	-0.111	-0.128	-0.417	0.131	0.26	-0.978	-0.494	-1.605
C	-0.121	-0.139	-0.363	0.169	0.293	-0.827	-0.476	-1.24
HAR	-0.121	-0.14	-0.531	0.122	0.272	-1.143	-0.513	-1.948
FOX	-0.129	-0.149	-0.427	0.149	0.277	-1.0	-0.54	-1.539
BEN	-0.141	-0.163	-0.49	0.123	0.239	-1.318	-0.681	-2.05
THC	-0.147	-0.169	-0.376	0.21	0.337	-0.804	-0.503	-1.116
FTR	-0.151	-0.173	-0.562	0.176	0.367	-0.983	-0.473	-1.531
NEM	-0.156	-0.18	-0.366	0.262	0.398	-0.687	-0.451	-0.918
FOXA	-0.18	-0.207	-0.465	0.162	0.266	-1.273	-0.775	-1.744
SNDK	-0.187	-0.214	-0.746	0.167	0.393	-1.284	-0.545	-1.899
MET	-0.192	-0.221	-0.749	0.122	0.279	-1.803	-0.791	-2.681
SCHW	-0.202	-0.232	-0.497	0.207	0.334	-1.121	-0.695	-1.489
TE	-0.217	-0.249	-0.643	0.194	0.366	-1.282	-0.679	-1.755
VIAB	-0.323	-0.366	-0.645	0.214	0.321	-1.707	-1.138	-2.007
MRO	-0.341	-0.385	-0.589	0.33	0.448	-1.163	-0.858	-1.314
